V1
2.91991
-0.4374086
1.440027
1.321916
0.5329429
-1.614841
2.492726
-0.04492414
-0.08041357
0.3631387
-2.786659
-2.020805
0.5092555
2.774015
-0.3172269
-0.9739464
-0.8237321
1.279052
2.381461
-2.311048
-1.072642
-0.9030058
-1.538497
0.4486014
0.2343812
0.8647262
2.819649
-1.725559
0.3600401
4.718463
-0.1948784
-2.591387
1.845986
8.168118
-1.283846
4.317327
-2.75166
0.2084369
0.5811419
-5.972652
1.400563
0.3772785
-1.390622
0.6349402
-0.3811405
0.1957548
2.047446
-4.138447
1.320552
3.849363
2.863596
1.318828
-1.988883
1.230429
1.395232
3.918355
1.016536
0.6149535
0.6577209
1.852187
3.217349
2.394853
-2.972558
4.392855
1.489107
1.242803
-0.1774052
2.62363
0.8257836
3.502973
2.068963
1.810463
3.237423
4.858512
1.992701
-1.232379
3.099192
0.9263173
5.561121
3.057066
-0.8563346
-0.3135113
4.691439
2.796339
2.608581
1.089557
4.49786
-4.683399
-3.865846
3.185436
3.964049
0.6125204
1.142029
-2.821788
0.977869
3.16699
3.3816
4.850817
-0.9691744
-1.787053
1.908176
1.398352
0.5390821
3.085969
-1.617642
5.564964
-0.7188915
1.485767
-3.07801
0.9041676
-0.944715
-2.55369
1.248712
-0.3561038
-2.754104
1.144523
2.663108
-0.6557976
-1.327276
-2.253013
2.615383
1.465469
0.5038025
-1.594184
-2.366584
-2.463932
-1.323467
3.043381
-4.192449
3.004496
0.5074418
1.937766
1.611911
1.168491
-0.3900079
-0.2932314
0.4443924
-3.627046
2.235065
3.768605
5.920061
5.653634
-0.9769625
-1.59201
3.907614
-0.00919339
3.288134
-1.835015
0.5221639
-0.32827
0.8147966
2.756368
-5.357541
8.730692
-3.542064
-0.6344775
-0.0625725
3.999354
1.076034
2.54371
2.846597
0.3074125
-0.3474852
-0.5963022
1.454724
-1.446883
3.576372
2.649141
-1.520675
-0.07451028
-4.298579
-2.822093
2.681472
2.654198
3.867044
-1.683672
-0.08726405
-0.3998252
-0.5161191
0.1801762
-1.530851
1.24911
1.990044
4.087811
-1.065996
3.521476
3.069078
2.722736
5.020255
3.122858
5.988059
-3.66226
-1.054757
2.072907
0.2276116
3.331938
1.872966
-2.771663
-1.132391
1.232512
5.973027
2.282497
7.102725
0.5717866
2.151829
5.478675
1.80525
5.443882
4.637634
3.14916
0.08721706
-1.231968
3.915769
2.157167
3.314989
0.5919654
-0.7661632
-1.950164
-3.127591
-0.12636
-5.605529
-0.9134909
0.06118775
0.1326789
0.9069207
-1.840774
2.848818
0.7288365
2.095197
-4.814863
1.329595
-4.281241
3.039408
2.555571
2.791387
2.333861
4.135271
0.6287879
0.658351
2.668006
4.425591
4.514397
1.924096
1.469559
3.467249
4.976504
-0.5456213
2.775848
4.083396
0.4692053
-2.394223
1.010637
0.6908486
2.812457
-0.8518041
4.572616
0.4779131
0.06432275
-3.200009
-1.370377
-0.3149535
-3.703805
1.477212
0.8186781
-0.3581827
1.736692
-1.239606
1.353119
3.81915
2.572421
-0.2854453
